{
 "cells": [
  {
   "cell_type": "code",
   "execution_count": 42,
   "id": "c4a3c7bf",
   "metadata": {},
   "outputs": [],
   "source": [
    "import torch\n",
    "from torch.nn import functional as F"
   ]
  },
  {
   "cell_type": "markdown",
   "id": "5ddd0f07",
   "metadata": {},
   "source": [
    "#### self attention as matrix multiplication??\n",
    "\n",
    "attention as soft dictionary lookup and may be a differentiable lookup operation"
   ]
  },
  {
   "cell_type": "code",
   "execution_count": 46,
   "id": "88a5ed3d",
   "metadata": {
    "scrolled": false
   },
   "outputs": [
    {
     "data": {
      "text/plain": [
       "tensor([[[-0.2698, -1.8379, -0.7919, -0.4819, -0.9430],\n",
       "         [-1.6451, -1.4366,  0.8457, -0.2111, -0.2941],\n",
       "         [-0.0422, -0.5662, -0.0157,  0.6143, -0.8865],\n",
       "         [-0.9551,  0.2720, -0.6840, -1.1846,  0.8973],\n",
       "         [ 0.0586,  0.5452, -0.1786, -0.9561,  0.6131]],\n",
       "\n",
       "        [[ 0.8012, -1.3245,  0.9928, -0.2730, -0.6286],\n",
       "         [ 0.7609, -0.6339,  0.1725, -0.0794, -1.3062],\n",
       "         [-2.1067,  1.1425, -1.0729,  0.3460, -1.7464],\n",
       "         [-0.0176, -0.0893, -0.1117,  0.6273, -1.4041],\n",
       "         [ 0.2264,  0.0201, -1.1191,  0.5154, -0.3442]],\n",
       "\n",
       "        [[ 0.5713, -0.1358,  0.5123,  0.2484, -0.4717],\n",
       "         [ 0.0741,  0.8084,  0.1036, -0.3794,  0.4661],\n",
       "         [ 0.4983, -1.6952,  0.0322, -0.3938, -0.6850],\n",
       "         [-0.3818, -0.1766,  0.2442,  0.0202,  0.0535],\n",
       "         [ 0.2928, -1.2908,  1.8345, -0.6009, -0.7956]],\n",
       "\n",
       "        [[ 0.6560, -1.3898,  0.2385, -1.1189, -2.3544],\n",
       "         [-0.1353,  0.3712,  1.5856,  0.3834, -0.9002],\n",
       "         [-1.7945, -0.1015, -1.4671, -1.2251, -1.9132],\n",
       "         [-0.0692,  0.6030, -0.4909, -0.4391,  1.1800],\n",
       "         [ 0.7034, -0.4841, -0.2809,  0.3140, -1.9495]],\n",
       "\n",
       "        [[ 0.3882,  1.1744,  1.0502,  0.1584, -0.0138],\n",
       "         [-1.4540,  0.7383, -2.1474, -0.0487, -0.0491],\n",
       "         [ 1.4592, -0.6034, -1.2287, -0.5694, -0.5283],\n",
       "         [-0.0884, -0.5917,  1.0804,  1.5718,  0.0520],\n",
       "         [ 1.0741, -0.2993,  2.2714,  0.9536,  0.0328]]])"
      ]
     },
     "execution_count": 46,
     "metadata": {},
     "output_type": "execute_result"
    }
   ],
   "source": [
    "# b: batch size\n",
    "# t: input size\n",
    "# k: dimension size\n",
    "b, t, k = 5, 5, 5\n",
    "batch_sents = torch.randn(b, t, k)\n",
    "batch_sents"
   ]
  },
  {
   "cell_type": "code",
   "execution_count": 47,
   "id": "a11dc419",
   "metadata": {
    "scrolled": false
   },
   "outputs": [
    {
     "data": {
      "text/plain": [
       "tensor([[[-0.2698, -1.6451, -0.0422, -0.9551,  0.0586],\n",
       "         [-1.8379, -1.4366, -0.5662,  0.2720,  0.5452],\n",
       "         [-0.7919,  0.8457, -0.0157, -0.6840, -0.1786],\n",
       "         [-0.4819, -0.2111,  0.6143, -1.1846, -0.9561],\n",
       "         [-0.9430, -0.2941, -0.8865,  0.8973,  0.6131]],\n",
       "\n",
       "        [[ 0.8012,  0.7609, -2.1067, -0.0176,  0.2264],\n",
       "         [-1.3245, -0.6339,  1.1425, -0.0893,  0.0201],\n",
       "         [ 0.9928,  0.1725, -1.0729, -0.1117, -1.1191],\n",
       "         [-0.2730, -0.0794,  0.3460,  0.6273,  0.5154],\n",
       "         [-0.6286, -1.3062, -1.7464, -1.4041, -0.3442]],\n",
       "\n",
       "        [[ 0.5713,  0.0741,  0.4983, -0.3818,  0.2928],\n",
       "         [-0.1358,  0.8084, -1.6952, -0.1766, -1.2908],\n",
       "         [ 0.5123,  0.1036,  0.0322,  0.2442,  1.8345],\n",
       "         [ 0.2484, -0.3794, -0.3938,  0.0202, -0.6009],\n",
       "         [-0.4717,  0.4661, -0.6850,  0.0535, -0.7956]],\n",
       "\n",
       "        [[ 0.6560, -0.1353, -1.7945, -0.0692,  0.7034],\n",
       "         [-1.3898,  0.3712, -0.1015,  0.6030, -0.4841],\n",
       "         [ 0.2385,  1.5856, -1.4671, -0.4909, -0.2809],\n",
       "         [-1.1189,  0.3834, -1.2251, -0.4391,  0.3140],\n",
       "         [-2.3544, -0.9002, -1.9132,  1.1800, -1.9495]],\n",
       "\n",
       "        [[ 0.3882, -1.4540,  1.4592, -0.0884,  1.0741],\n",
       "         [ 1.1744,  0.7383, -0.6034, -0.5917, -0.2993],\n",
       "         [ 1.0502, -2.1474, -1.2287,  1.0804,  2.2714],\n",
       "         [ 0.1584, -0.0487, -0.5694,  1.5718,  0.9536],\n",
       "         [-0.0138, -0.0491, -0.5283,  0.0520,  0.0328]]])"
      ]
     },
     "execution_count": 47,
     "metadata": {},
     "output_type": "execute_result"
    }
   ],
   "source": [
    "transpose_batch_sents = batch_sents.transpose(dim0=1, dim1=2)\n",
    "transpose_batch_sents"
   ]
  },
  {
   "cell_type": "code",
   "execution_count": 48,
   "id": "2308e41e",
   "metadata": {
    "scrolled": false
   },
   "outputs": [
    {
     "data": {
      "text/plain": [
       "tensor([[[ 5.1992,  2.7935,  1.6044,  0.0242, -0.9938],\n",
       "         [ 2.7935,  5.6166,  1.0007,  0.5881, -1.0093],\n",
       "         [ 1.6044,  1.0007,  1.4860, -1.6262, -1.4393],\n",
       "         [ 0.0242,  0.5881, -1.6262,  3.6624,  1.8973],\n",
       "         [-0.9938, -1.0093, -1.4393,  1.8973,  1.6227]],\n",
       "\n",
       "        [[ 3.8518,  2.4634, -3.2630,  0.7048, -0.8806],\n",
       "         [ 2.4634,  2.7230, -0.2586,  1.8082,  0.3751],\n",
       "         [-3.2630, -0.2586, 10.0641,  2.7241,  1.5262],\n",
       "         [ 0.7048,  1.8082,  2.7241,  2.3857,  0.9258],\n",
       "         [-0.8806,  0.3751,  1.5262,  0.9258,  1.6882]],\n",
       "\n",
       "        [[ 0.8916, -0.3285,  0.7568, -0.0893,  1.5085],\n",
       "         [-0.3285,  1.0308, -1.4999, -0.1284, -0.9745],\n",
       "         [ 0.7568, -1.4999,  3.7473,  0.0723,  3.1748],\n",
       "         [-0.0893, -0.1284,  0.0723,  0.2399,  0.5094],\n",
       "         [ 1.5085, -0.9745,  3.1748,  0.5094,  6.1114]],\n",
       "\n",
       "        [[ 9.2139,  1.4640,  4.4891, -3.2875,  5.3058],\n",
       "         [ 1.4640,  3.6277, -0.8686, -1.7759,  1.1552],\n",
       "         [ 4.4891, -0.8686, 10.5442, -0.9366,  2.5440],\n",
       "         [-3.2875, -1.7759, -0.9366,  2.1946, -2.6410],\n",
       "         [ 5.3058,  1.1552,  2.5440, -2.6410,  4.7072]],\n",
       "\n",
       "        [[ 2.6583, -1.9598, -1.5156,  0.6537,  2.6016],\n",
       "         [-1.9598,  7.2752,  0.1251, -2.7074, -6.7083],\n",
       "         [-1.5156,  0.1251,  4.6064, -2.0219, -1.6033],\n",
       "         [ 0.6537, -2.7074, -2.0219,  3.9983,  4.0365],\n",
       "         [ 2.6016, -6.7083, -1.6033,  4.0365,  7.3127]]])"
      ]
     },
     "execution_count": 48,
     "metadata": {},
     "output_type": "execute_result"
    }
   ],
   "source": [
    "alpha = torch.matmul(batch_sents, transpose_batch_sents)\n",
    "alpha"
   ]
  },
  {
   "cell_type": "code",
   "execution_count": 49,
   "id": "42f654e6",
   "metadata": {},
   "outputs": [
    {
     "data": {
      "text/plain": [
       "tensor([[[8.8860e-01, 8.0156e-02, 2.4406e-02, 5.0260e-03, 1.8160e-03],\n",
       "         [5.5167e-02, 9.2834e-01, 9.1844e-03, 6.0797e-03, 1.2307e-03],\n",
       "         [3.9647e-01, 2.1678e-01, 3.5218e-01, 1.5674e-02, 1.8895e-02],\n",
       "         [2.1061e-02, 3.7016e-02, 4.0432e-03, 8.0081e-01, 1.3707e-01],\n",
       "         [2.9134e-02, 2.8685e-02, 1.8659e-02, 5.2476e-01, 3.9876e-01]],\n",
       "\n",
       "        [[7.6801e-01, 1.9159e-01, 6.2438e-04, 3.3009e-02, 6.7624e-03],\n",
       "         [3.3273e-01, 4.3137e-01, 2.1877e-02, 1.7280e-01, 4.1228e-02],\n",
       "         [1.6282e-06, 3.2849e-05, 9.9912e-01, 6.4842e-04, 1.9572e-04],\n",
       "         [5.5050e-02, 1.6594e-01, 4.1469e-01, 2.9565e-01, 6.8671e-02],\n",
       "         [2.8778e-02, 1.0103e-01, 3.1940e-01, 1.7523e-01, 3.7556e-01]],\n",
       "\n",
       "        [[2.2742e-01, 6.7133e-02, 1.9873e-01, 8.5278e-02, 4.2144e-01],\n",
       "         [1.4390e-01, 5.6030e-01, 4.4599e-02, 1.7577e-01, 7.5423e-02],\n",
       "         [3.0552e-02, 3.1988e-03, 6.0791e-01, 1.5410e-02, 3.4293e-01],\n",
       "         [1.5757e-01, 1.5151e-01, 1.8520e-01, 2.1899e-01, 2.8673e-01],\n",
       "         [9.3877e-03, 7.8380e-04, 4.9688e-02, 3.4568e-03, 9.3668e-01]],\n",
       "\n",
       "        [[9.7145e-01, 4.1850e-04, 8.6193e-03, 3.6154e-06, 1.9505e-02],\n",
       "         [9.4573e-02, 8.2310e-01, 9.1773e-03, 3.7042e-03, 6.9447e-02],\n",
       "         [2.3396e-03, 1.1023e-05, 9.9730e-01, 1.0299e-05, 3.3452e-04],\n",
       "         [3.8716e-03, 1.7554e-02, 4.0632e-02, 9.3055e-01, 7.3901e-03],\n",
       "         [6.1391e-01, 9.6724e-03, 3.8789e-02, 2.1720e-04, 3.3741e-01]],\n",
       "\n",
       "        [[4.7509e-01, 4.6902e-03, 7.3131e-03, 6.4004e-02, 4.4891e-01],\n",
       "         [9.7475e-05, 9.9907e-01, 7.8401e-04, 4.6154e-05, 8.4457e-07],\n",
       "         [2.1577e-03, 1.1130e-02, 9.8344e-01, 1.3004e-03, 1.9765e-03],\n",
       "         [1.6977e-02, 5.8905e-04, 1.1690e-03, 4.8124e-01, 5.0002e-01],\n",
       "         [8.5914e-03, 7.7776e-07, 1.2821e-04, 3.6079e-02, 9.5520e-01]]])"
      ]
     },
     "execution_count": 49,
     "metadata": {},
     "output_type": "execute_result"
    }
   ],
   "source": [
    "att_scores = F.softmax(alpha, dim=2)\n",
    "att_scores"
   ]
  },
  {
   "cell_type": "code",
   "execution_count": 68,
   "id": "39247fe5",
   "metadata": {},
   "outputs": [
    {
     "name": "stdout",
     "output_type": "stream",
     "text": [
      "0.8885957598686218\n",
      "0.888595700263977\n"
     ]
    }
   ],
   "source": [
    "# sanity check\n",
    "print(att_scores[0][0][0].item())\n",
    "print((alpha[0][0][0].exp() / torch.sum(torch.tensor([t.exp() for t in alpha[0][0]]))).item())"
   ]
  },
  {
   "cell_type": "code",
   "execution_count": 75,
   "id": "38a5f2ae",
   "metadata": {},
   "outputs": [
    {
     "data": {
      "text/plain": [
       "tensor([[[-0.3773, -1.7598, -0.6400, -0.4378, -0.8775],\n",
       "         [-1.5482, -1.4379,  0.7369, -0.2253, -0.3270],\n",
       "         [-0.4923, -1.2250, -0.1502, -0.0571, -0.7242],\n",
       "         [-0.8236,  0.1984, -0.5577, -1.0952,  0.7683],\n",
       "         [-0.5337,  0.2548, -0.4293, -1.0115,  0.6629]],\n",
       "\n",
       "        [[ 0.7608, -1.1408,  0.7836, -0.2004, -0.7828],\n",
       "         [ 0.5550, -0.7038,  0.3158,  0.0121, -1.0676],\n",
       "         [-2.1048,  1.1414, -1.0722,  0.3462, -1.7459],\n",
       "         [-0.6929,  0.2706, -0.4715,  0.3361, -1.4143],\n",
       "         [-0.4910,  0.2547, -0.7365,  0.3981, -1.0832]],\n",
       "\n",
       "        [[ 0.3248, -0.8726,  0.9238, -0.2988, -0.5429],\n",
       "         [ 0.1009,  0.2294,  0.3145, -0.2362,  0.1121],\n",
       "         [ 0.4151, -1.4775,  0.6684, -0.4388, -0.7014],\n",
       "         [ 0.1939, -0.6217,  0.6819, -0.2591, -0.3470],\n",
       "         [ 0.3031, -1.2946,  1.7257, -0.5803, -0.7831]],\n",
       "\n",
       "        [[ 0.6355, -1.3603,  0.2142, -1.0912, -2.3420],\n",
       "         [-0.0172,  0.1417,  1.2929,  0.2187, -1.1122],\n",
       "         [-1.7879, -0.1047, -1.4627, -1.2243, -1.9142],\n",
       "         [-0.1319,  0.5545, -0.4898, -0.4536,  0.9810],\n",
       "         [ 0.5691, -1.0168,  0.0100, -0.6248, -2.1858]],\n",
       "\n",
       "        [[ 0.6648,  0.3848,  1.5687,  0.5995,  0.0074],\n",
       "         [-1.4515,  0.7372, -2.1462, -0.0491, -0.0495],\n",
       "         [ 1.4217, -0.5840, -1.2241, -0.5563, -0.5200],\n",
       "         [ 0.5019, -0.4147,  1.6708,  1.2352,  0.0406],\n",
       "         [ 1.0263, -0.2972,  2.2175,  0.9689,  0.0331]]])"
      ]
     },
     "execution_count": 75,
     "metadata": {},
     "output_type": "execute_result"
    }
   ],
   "source": [
    "z = torch.matmul(att_scores, batch_sents)\n",
    "z"
   ]
  }
 ],
 "metadata": {
  "kernelspec": {
   "display_name": "Python 3 (ipykernel)",
   "language": "python",
   "name": "python3"
  },
  "language_info": {
   "codemirror_mode": {
    "name": "ipython",
    "version": 3
   },
   "file_extension": ".py",
   "mimetype": "text/x-python",
   "name": "python",
   "nbconvert_exporter": "python",
   "pygments_lexer": "ipython3",
   "version": "3.9.7"
  }
 },
 "nbformat": 4,
 "nbformat_minor": 5
}
